NOAA 1                  
1 04793U 70106A   24137.40943507 -.00000017  00000+0  16253-3 0  9994
2 04793 101.4478 190.6440 0031734  40.1299 332.3171 12.54027576445683
NOAA 2 (ITOS-D)         
1 06235U 72082A   24136.91160068 -.00000005  00000+0  26152-3 0  9996
2 06235 102.0150 135.5133 0004053 176.3793 246.8846 12.53179477359467
NOAA 3                  
1 06920U 73086A   24136.93931938 -.00000018  00000+0  21376-3 0  9993
2 06920 102.2755 132.6512 0006950  85.1278 329.9629 12.40367187287390
NOAA 4                  
1 07529U 74089A   24136.96651671 -.00000014  00000+0  20245-3 0  9999
2 07529 101.9867 130.9331 0008751 207.4797 208.7955 12.53179722264045
NOAA 5                  
1 09057U 76077A   24137.52579896  .00000001  00000+0  35607-3 0  9990
2 09057 102.2055 111.0107 0009324 295.7651 175.6795 12.37799899160463
TIROS N                 
1 11060U 78096A   24136.83916885  .00000546  00000+0  28265-3 0  9992
2 11060  98.5345 178.4373 0009316 291.5221  68.4962 14.18803312570624
NOAA 6                  
1 11416U 79057A   24136.95825653  .00001058  00000+0  39101-3 0  9990
2 11416  98.6306 158.2183 0010067   3.0561 357.0684 14.34490146341630
NOAA 7                  
1 12553U 81059A   24137.42910644  .00000261  00000+0  15069-3 0  9998
2 12553  98.8953 196.7191 0010405 286.6591  73.3441 14.17521961217033
NOAA 8                  
1 13923U 83022A   24137.50063467  .00000621  00000+0  26160-3 0  9997
2 13923  98.7300 137.4079 0014322 330.0519  29.9842 14.29232584142507
NOAA 9                  
1 15427U 84123A   24137.23776811  .00000525  00000+0  28649-3 0  9992
2 15427  99.1176 133.8926 0014575 351.1852  19.3497 14.16581525 35765
NOAA 10                 
1 16969U 86073A   24136.91883788  .00000575  00000+0  24636-3 0  9993
2 16969  98.6396 123.1577 0013271  68.6751 351.1118 14.28604157960549
NOAA 11                 
1 19531U 88089A   24136.91393463  .00000303  00000+0  17642-3 0  9994
2 19531  98.5160 100.9064 0010573 333.4031  26.6599 14.15528471839626
NOAA 12                 
1 21263U 91032A   24136.93676494  .00000400  00000+0  18439-3 0  9994
2 21263  98.5568 128.7828 0014924  95.7811 264.5071 14.26301572716284
NOAA 13                 
1 22739U 93050A   24136.86022655  .00000471  00000+0  27412-3 0  9990
2 22739  98.6040  95.5974 0010157 140.2600 219.9319 14.13202156585689
NOAA 14                 
1 23455U 94089A   24137.46924802  .00000248  00000+0  15088-3 0  9999
2 23455  98.4318 135.2349 0010628 111.2568 248.9742 14.14387846515757
NOAA 15                 
1 25338U 98030A   24137.53471792  .00000692  00000+0  30463-3 0  9991
2 25338  98.5706 165.3198 0011343  61.4765 298.7556 14.26574017352922
NOAA 16                 
1 26536U 00055A   24136.94804629  .00000301  00000+0  18184-3 0  9998
2 26536  98.5337 178.0158 0009821 334.3061  25.7623 14.13572642516023
NOAA 17                 
1 27453U 02032A   24137.20404380  .00000538  00000+0  24613-3 0  9990
2 27453  98.7611  87.8163 0012602  45.5632 314.6576 14.25566993138402
NOAA 18                 
1 28654U 05018A   24137.41895424  .00000570  00000+0  32790-3 0  9998
2 28654  98.8743 214.6472 0014956 150.0351 210.1680 14.13204132978779
NOAA 19                 
1 33591U 09005A   24137.50751355  .00000562  00000+0  32551-3 0  9994
2 33591  99.0491 192.9687 0014119  26.1214 334.0667 14.13002615787159
SUOMI NPP               
1 37849U 11061A   24137.53638450  .00000343  00000+0  18352-3 0  9992
2 37849  98.7209  75.9930 0001371  60.6639 299.4674 14.19568392650373
NOAA 20 (JPSS-1)        
1 43013U 17073A   24137.48388251  .00000310  00000+0  16738-3 0  9996
2 43013  98.7051  75.9378 0000780  28.6301 331.4918 14.19583022336407
NOAA 21 (JPSS-2)        
1 54234U 22150A   24136.88339799  .00000373  00000+0  19772-3 0  9991
2 54234  98.7505  75.1584 0000736 104.4024 255.7234 14.19569426 78397